74	469	0
74	503	0
73	514	0
73	454	0
73	463	0
73	510	0
74	460	0
73	463	0
73	497	0
73	446	0
75	509	0
74	507	0
73	522	0
72	503	0
73	484	0
73	451	0
73	524	0
74	502	0
73	505	0
75	469	0
72	517	0
73	478	0
73	446	0
73	502	0
73	443	0
73	442	0
72	480	0
73	625	1
23	626	1
12	678	1
11	669	1
11	637	1
17	696	1
9	713	1
5	745	1
5	742	1
5	744	1
5	670	1
13	604	1
8	639	1
17	534	1
11	573	1
16	493	1
16	599	1
67	739	1
10	721	1
8	666	1
7	647	1
32	633	1
9	693	1
4	680	1
6	714	1
8	720	1
6	725	1
9	701	1
9	729	1
6	658	1
17	668	1
11	679	1
1	704	1
52	691	1
9	678	1
9	690	1
8	691	1
8	713	1
8	735	1
8	723	1
8	658	1
9	684	1
7	714	1
7	726	1
7	699	1
7	699	1
8	663	1
49	543	0
73	494	0
73	459	0
73	508	0
73	463	0
72	451	0
73	466	0
72	495	0
73	525	0
65	447	0
75	467	0
73	492	0
73	473	0
73	450	0
73	518	0
72	520	0
66	480	0
73	521	0
73	461	0
73	475	0
74	498	0
74	443	0
72	516	0
72	444	0
73	471	0
74	443	0
75	473	0
73	521	0
73	519	0
73	444	0
73	524	0
73	492	0
66	471	0
73	512	0
73	451	0
65	466	0
74	506	0
73	466	0
73	470	0
65	478	0
73	510	0
73	493	0
73	453	0
72	456	0
73	482	0
66	446	0
74	518	0
72	475	0
73	516	0
74	444	0
74	515	0
73	481	0
73	508	0
74	446	0
74	457	0
73	445	0
73	442	0
74	452	0
73	444	0
66	469	0
73	452	0
72	484	0
72	470	0
73	521	0
74	455	0
72	643	1
36	681	1
11	597	1
42	763	1
26	722	1
15	631	1
12	630	1
12	636	1
14	676	1
29	759	1
70	752	1
7	735	1
12	721	1
7	763	1
20	631	1
58	729	1
7	710	1
11	722	1
25	638	1
8	662	1
10	649	1
9	673	1
11	688	1
10	750	1
8	743	1
10	744	1
10	766	1
14	772	1
11	755	1
14	684	1
11	666	1
12	756	1
6	748	1
17	597	1
10	734	1
11	728	1
12	712	1
11	678	1
9	779	1
59	784	1
21	757	1
21	761	1
16	789	1
15	692	1
13	721	1
11	731	1
11	717	1
13	711	1
11	742	1
10	751	1
12	760	1
12	729	1
11	727	1
12	721	1
12	732	1
18	653	1
16	740	1
8	748	1
12	733	1
12	776	1
10	735	1
9	750	1
11	731	1
13	689	1
12	764	1
11	696	1
11	723	1
15	711	1
10	744	1
16	728	1
11	724	1
17	741	1
11	759	1
13	719	1
12	743	1
13	732	1
18	744	1
11	756	1